6039
0.00000001	      0.18960052 
0.0000001	      0.135453   
0.000001	      0.0664017  
0.00001	     0.0818016       
0.0001	     0.0652426       
0.001	     0.0606061       
0.01	     0.0261633       
0.025	     0.0256665       
0.05	     0.0168902       
0.075	     0.0134128       
0.1	     0.0640835       
0.5	     0.0735221       
1	     0.0539824       
2	     0.0435503       
5	     0.0193741       
10	     0.0160623       
25	     0.0130816       
50	     0.0135784       
100	     0.0153999       
250	     0.00579566      
500	     0.000331181     
1000	     0       
2500	     0       
5000	     0       
10000	     0       
underflow	0.	0	 0
overflow	0.	0	0
n_sum  1
n_tot  6039
